74 1 00
43 2 00
77 3 00
47 4 00
53 5 00
52 6 00
52 6 00
11 7 00
64 7 00
31 7 00
86 8 00
78 9 00
25 10 00
20 11 00
19 12 00
21 13 00
41 14 00
4 14 00
53 14 00
9 15 00
95 16 00
14 17 00
84 18 00
21 18 00
22 19 00
97 20 00
47 21 00
40 22 00
77 23 00
7 24 00
99 24 00
28 24 00
21 25 00
58 26 00
96 27 00
14 28 00
47 29 00
82 30 00
8 31 00
92 32 00
50 33 00
67 34 00
63 35 00
57 36 00
75 37 00
55 38 00
83 39 00
99 40 00
30 41 00
72 41 00
58 42 00
81 43 00
81 44 00
32 45 00
7 46 00
87 47 00
29 48 00
95 49 00
69 50 00
94 51 00
73 52 00
3 52 00
74 53 00
67 54 00
94 55 00
44 56 00
85 57 00
30 58 00
78 59 00
64 60 00
82 61 00
56 62 00
63 62 00
5 63 00
82 64 00
9 64 00
76 64 00
14 65 00
50 66 00
6 67 00
56 68 00
17 69 00
28 70 00
99 71 00
96 72 00
10 73 00
80 74 00
72 74 00
35 74 00
85 74 00
61 75 00
96 76 00
90 77 00
66 78 00
96 79 00
37 80 00
8 81 00
12 81 00
97 82 00
46 83 00