13 1 01 129 16
92 1 01 21 1
21 1 01 157 5
10 1 01 168 9
36 2 01 14 12
77 3 01 200 1
92 4 01 89 3
2 5 01 9 11
63 5 01 39 12
93 5 01 35 2
28 6 01 200 19
87 7 01 154 2
1 8 01 56 8
89 8 01 32 17
6 8 01 143 18
76 9 01 140 9
29 10 01 61 4
0 10 01 87 9
3 11 01 15 17
14 11 01 86 13
13 12 01 57 16
77 13 01 166 2
8 14 01 75 17
99 15 01 158 16
68 15 01 78 7
75 15 01 61 15
71 16 01 60 8
26 17 01 145 18
35 18 01 77 5
29 19 01 132 14
16 19 01 22 7
99 20 01 91 1
50 21 01 23 18
64 22 01 157 9
46 23 01 58 5
45 24 01 11 12
1 25 01 168 8
86 26 01 187 18
44 27 01 92 10
69 28 01 148 1
24 29 01 141 10
93 29 01 190 11
35 30 01 180 10
6 30 01 71 2
59 31 01 49 6
50 31 01 104 18
62 32 01 10 9
15 32 01 154 6
31 32 01 36 2
41 33 01 121 6
90 34 01 165 6
59 35 01 165 2
81 36 01 173 10
2 37 01 88 15
27 38 01 172 12
41 39 01 129 6
85 40 01 159 4
20 41 01 122 2
48 42 01 158 10
58 43 01 119 12
96 44 01 8 7
53 45 01 8 12
8 45 01 195 0
61 45 01 103 14
85 46 01 115 17
47 47 01 186 10
55 48 01 52 9
25 49 01 159 12
89 50 01 22 2
1 51 01 2 14
22 51 01 59 16
91 51 01 111 3
31 52 01 31 4
50 53 01 142 12
22 54 01 49 18
80 55 01 92 12
24 56 01 53 5
88 57 01 58 12
15 58 01 69 3
24 58 01 47 13
79 59 01 198 13
77 59 01 36 13
74 60 01 2 5
88 60 01 189 0
14 60 01 58 2
56 61 01 32 1
33 61 01 18 3
85 61 01 32 7
1 62 01 87 1
38 63 01 193 9
4 64 01 95 5
71 65 01 47 6
36 65 01 3 16
76 65 01 131 15
28 66 01 5 14
1 67 01 42 11
62 68 01 82 5
60 68 01 143 2
10 69 01 174 3
90 70 01 189 17