27 1 02 MT
72 1 02 MT
49 2 02 FL
69 3 02 HF
17 3 02 HF
95 3 02 HF
11 4 02 HF
18 5 02 MT
25 6 02 MT
8 7 02 MT
18 8 02 FL
94 9 02 FL
66 10 02 HF
13 11 02 FL
97 12 02 FL
20 13 02 HF
63 14 02 MT
60 15 02 MT
15 16 02 HF
49 16 02 FL
65 17 02 MT
79 18 02 FL
58 19 02 MT
73 20 02 FL
64 21 02 HF
57 22 02 MT
97 23 02 HF
24 23 02 FL
74 24 02 HF
36 25 02 MT
36 26 02 FL
57 27 02 MT
28 28 02 MT
9 28 02 HF
2 28 02 MT
87 29 02 FL
43 30 02 MT
94 30 02 MT
4 30 02 MT
6 31 02 FL
16 32 02 FL
82 33 02 MT
35 34 02 MT
26 35 02 HF
14 36 02 HF
60 37 02 FL
76 38 02 MT
1 39 02 MT
79 40 02 HF
72 41 02 FL
78 42 02 FL
43 43 02 MT
0 44 02 HF
35 45 02 HF
64 46 02 MT
47 47 02 FL
44 48 02 FL
45 49 02 FL
26 50 02 MT
36 50 02 MT
47 51 02 FL
17 51 02 HF
94 52 02 HF
81 53 02 MT
87 53 02 MT
26 54 02 HF
99 55 02 MT
0 56 02 HF
74 56 02 MT
64 57 02 FL
67 58 02 FL
5 59 02 HF
2 60 02 MT
56 60 02 MT
3 61 02 MT
20 61 02 MT
79 62 02 FL
32 62 02 MT
89 62 02 HF
10 63 02 HF
95 63 02 FL
20 63 02 HF
95 64 02 FL
73 65 02 HF
80 66 02 HF
77 66 02 HF
50 67 02 HF
47 67 02 MT
67 68 02 MT
76 68 02 MT
69 69 02 HF
62 70 02 FL
48 70 02 FL
96 71 02 HF
92 72 02 FL
75 72 02 HF
51 73 02 MT
97 74 02 FL
95 75 02 MT
74 76 02 MT